kinematics:
  shoulder:
    x: 0
    y: 0
    z: 0.08912695303812232
    roll: -0
    pitch: 0
    yaw: -2.5194029457908636e-06
  upper_arm:
    x: 0.0002212924189285298
    y: 0
    z: 0
    roll: 1.5704652741926191
    pitch: 0
    yaw: 5.9702756145758741e-06
  forearm:
    x: -0.42525256923445548
    y: 0
    z: 0
    roll: 0.00094063153677357225
    pitch: 0.00088737202696587169
    yaw: 2.1677628508564884e-05
  wrist_1:
    x: -0.39208722459587081
    y: -0.00057603941827617593
    z: 0.11129660248830366
    roll: 0.0051756680961382228
    pitch: 0.0015145241242544847
    yaw: -6.7403111392081084e-05
  wrist_2:
    x: 3.6334874397314735e-05
    y: -0.095015567038683732
    z: 1.8551080346902077e-05
    roll: 1.5706010842605482
    pitch: 0
    yaw: -4.2923548744632344e-05
  wrist_3:
    x: 3.0431805402976818e-05
    y: 0.082430421410694371
    z: -5.0991288678769718e-05
    roll: 1.5701777289362182
    pitch: 3.1415926535897931
    yaw: 3.1415674388549895
  hash: calib_15193948854160575318